     1	C       -14.0554370149    4.5575793373    0.7857299870
     2	C       -14.0756290624    3.5616610348    1.7990729220
     3	C       -13.4568457343    2.3389608893    1.5948499889
     4	C       -12.7863109841    2.0515741491    0.3711077901
     5	C       -12.7665392830    3.0620296295   -0.6609455761
     6	C       -13.4135961935    4.3082094273   -0.4174653683
     7	C       -12.1450011336    0.7906037654    0.1198926639
     8	C       -11.4458262870    0.6368664098   -1.0736512296
     9	C       -11.4720073667    1.5859827742   -2.1378732632
    10	C       -12.1319223163    2.7847851165   -1.9085332342
    11	C       -12.3016099890   -0.3912035672    1.0179280595
    12	C       -13.6106453245   -0.9401480374    1.2843882908
    13	C       -13.7309769274   -2.0566508200    2.1900913133
    14	C       -12.5619509918   -2.5740442912    2.8122702048
    15	C       -11.2973860996   -2.1252400781    2.4705307696
    16	C       -11.1851663720   -1.0841574096    1.5008480053
    17	C       -14.7900029090   -0.5052517171    0.6037446435
    18	C       -16.0122741147   -1.1219712731    0.8216425078
    19	C       -16.1311117106   -2.1949965308    1.7428493644
    20	C       -15.0083211822   -2.6485429303    2.4135512094
    21	C       -10.9006240891    1.1881564741   -3.4644619168
    22	C       -10.0842810913   -2.6680875312    3.1481316083
    23	O        -9.9257649782   -0.7670056804    1.0263472667
    24	O       -10.9109700043   -0.6046509645   -1.3685441893
    25	C        -9.7066812909    1.7759941036   -3.9459967704
    26	C        -9.1549176389    1.3328031366   -5.1564680302
    27	C        -9.7366421322    0.2913777343   -5.8961386551
    28	C       -10.9333041916   -0.2611860660   -5.4198437662
    29	C       -11.5355079600    0.1711211714   -4.2253948058
    30	C        -9.5144320067   -1.9120174718    4.1976685773
    31	C        -8.3710131978   -2.4019653643    4.8527128048
    32	C        -7.8210464162   -3.6507119591    4.5148305065
    33	C        -8.4526060894   -4.4115984931    3.5182958237
    34	C        -9.5646921799   -3.9359231730    2.8030453193
    35	P        -9.5618451467   -1.1588301996   -0.5824036169
    36	O        -9.5027109298   -2.6309866802   -0.8554367399
    37	O        -8.3797074148   -0.2328861176   -0.8629695464
    38	C       -10.1864609206   -0.6289195010    4.6381041009
    39	C        -6.8122826728   -4.2301011049   -0.4782316524
    40	H        -5.3091817022   -7.7141981645    0.4316925405
    41	C       -10.1707531259   -4.7480105970    1.6775155978
    42	C        -5.0033922978   -0.3337539327   -4.0595798355
    43	C        -5.9089426394   -0.8475195869    1.1390502367
    44	C        -8.9716279999    2.8155482479   -3.1303143260
    45	C        -8.6756530537    2.3433899166    0.7176338283
    46	C        -9.0572393790   -0.2393480624   -7.1396527085
    47	C       -12.8305275451   -0.4831611035   -3.7811829248
    48	H        -2.0161028362   -4.1143134323    2.1442014651
    49	C        -5.4005317972   -1.0228926806   -0.1728989269
    50	H        -5.6841651196   -7.0953877102   -1.9496336141
    51	H        -5.9303504592   -6.1008348044    2.2486394457
    52	H        -7.2435398132   -3.2628369939   -0.7117878439
    53	H        -8.3001786055   -0.9567245058   -3.3502121585
    54	C        -6.5664434633   -4.1755848183    5.1820385655
    55	C        -6.0771701191   -5.8333806434    1.2004284350
    56	H       -11.1760024714   -0.8460623455    5.0702183270
    57	H        -9.5915362893   -0.0997760696    5.3951066048
    58	C        -6.4866162880   -5.1361589291   -1.4968250587
    59	C        -5.9444628601   -6.3913835770   -1.1559041770
    60	C        -3.8463705815   -2.6944953093    0.6469177378
    61	C        -4.3757430209   -2.5545747871    1.9468129917
    62	C        -5.4101504037   -1.6440929950    2.1892761196
    63	O        -2.8636462095   -3.5664306931    0.2961507080
    64	C        -6.6700784224    0.7952435603    3.5951699847
    65	C        -2.4739574163   -4.5655129991    1.2479988896
    66	H       -10.8155023767    3.5948145839    3.7195418014
    67	H       -11.2862111941    4.4227295322    1.4117820977
    68	N        -6.9600834630    0.0967691920    1.2514146239
    69	H        -9.9110959658    3.6091524841   -0.4988979652
    70	H       -14.5531497068    5.5135077184    0.9530215570
    71	H       -14.5863941960    3.7585265382    2.7424759460
    72	H       -13.4816661939    1.5695798081    2.3647320998
    73	H       -13.3999739650    5.0622641722   -1.2068354672
    74	H       -12.2016856458    3.5172250608   -2.7148970587
    75	H       -12.6634524971   -3.3819075023    3.5393155933
    76	H       -14.7194382952    0.2972977458   -0.1275935163
    77	H       -16.8902684347   -0.7870130323    0.2671232567
    78	H       -17.0993472633   -2.6706449906    1.9045574255
    79	H       -15.0782500576   -3.4916443302    3.1039285505
    80	H        -8.2274052645    1.7848420544   -5.5134742506
    81	H       -11.4115644833   -1.0637530928   -5.9864745142
    82	H        -7.9308288141   -1.8232871331    5.6696760946
    83	H        -8.0500761673   -5.3930044727    3.2624150713
    84	H        -7.5847967206    0.0727844578    0.3505962430
    85	C        -6.6207893039   -4.5880596220    0.8609558612
    86	H       -10.3645941367    0.0449633256    3.7902646389
    87	C        -5.7298660273   -6.7384741253    0.1823258333
    88	C        -5.3912646826   -2.7062446929   -3.8177334139
    89	H       -10.1430366367   -4.1761825259    0.7385634199
    90	H        -9.6179938675   -5.6839633071    1.5269837081
    91	H       -11.2244275502   -4.9926167573    1.8794127897
    92	H        -4.0079116683   -2.0839416405   -1.4231671682
    93	C        -4.3717376200   -1.9219684353   -0.4112898006
    94	H        -4.3259489227    0.4990316460   -4.2513868136
    95	H        -6.7512010738    0.9171640317   -3.7941658485
    96	H        -6.3062776106   -3.5974894786    6.0793887496
    97	H        -6.6822172296   -5.2293875400    5.4759546482
    98	H        -5.7085367388   -4.1297560774    4.4907132524
    99	C        -9.6921241183    3.2729704844    0.5111114080
   100	C        -8.4036958154    1.8502263802    2.0161653800
   101	C        -9.1724295833    2.3405268104    3.0999499183
   102	C        -7.3338531416    0.8705516347    2.2488153264
   103	H        -8.7556903061    0.5765019155   -7.8135878339
   104	H        -8.1440825474   -0.7907949615   -6.8658807442
   105	H        -9.7100845437   -0.9235816620   -7.6984465379
   106	H        -4.0381264609   -3.1926009606    2.7593796167
   107	H        -3.3380938258   -5.1839253817    1.5359949659
   108	C       -10.2029045229    3.2588286136    2.8829574459
   109	C       -10.4660737720    3.7286195818    1.5880193666
   110	H        -8.6205979415    2.3584758146   -2.1958935619
   111	H        -8.0996902681    3.2025090638   -3.6735509064
   112	H        -9.6158118608    3.6653004468   -2.8659038644
   113	S        -5.0285993316   -4.4460720150   -3.8139800867
   114	C        -4.5104201289   -1.6534936081   -4.0782366115
   115	N        -7.5036691977   -3.6231517455   -3.2682207087
   116	C        -6.6876146274   -4.8039814187   -2.9696514587
   117	H        -3.4589002396   -1.8551277005   -4.2840183943
   118	H        -8.3061638898   -3.4892025561   -2.6494273203
   119	C        -6.3631104565   -0.0999809508   -3.8056627342
   120	C        -7.2524134700   -1.1579859692   -3.5524795986
   121	C        -6.7566607499   -2.4690748561   -3.5251811950
   122	H        -5.8846733984   -1.6393811654    3.1660582367
   123	H        -1.7312689160   -5.1865468999    0.7359640494
   124	H       -13.5325916483    0.2480962404   -3.3571307119
   125	H       -13.3245598654   -0.9815163808   -4.6265056223
   126	H        -7.0931337750   -5.6869887251   -3.4871805963
   127	H       -12.6390315062   -1.2397736624   -3.0065846230
   128	H        -8.0915014997    1.9966570069   -0.1287091076
   129	H        -8.9968493085    1.9678130335    4.1064850336
   130	H        -6.7734993928    1.7418314615    4.1336538412
   131	H        -7.1360405942   -0.0059559066    4.1891761868
   132	H        -5.6049797078    0.5555323367    3.4867926658
   133	H        -5.8430013580   -0.4795306538   -1.0069206650
   134	H        -6.9043781193   -3.8838541310    1.6358338362
